$$$ exec p2 : [./filler]
Plateau 15 17:
    01234567890123456
000 .................
001 .................
002 .................
003 .................
004 .................
005 .................
006 .................
007 .................
008 ..OO.............
009 .................
010 .................
011 .................
012 ..............X..
013 .................
014 .................
Piece 1 2:
4
4
4
4
4
4
4
4
4
4
4
4
4
4
4
4
4
4
4
4
4
4
4
4
4
4
4
4
4
4
4
4
4
4
4
4
4
4
4
4
4
4
4
4
4
4
4
4
4
4
4
4
4
4
4
4
4
4
4
4
4
4
4
4
4
4
4
4
4
4
4
4
4
4
4
4
4
4
4
4
4
4
4
4
4
4
4
4
4
4
4
4
4
4
4
4
4
4
4
4
4
4
4
4
4
4
4
4
4
4
4
4
4
4
4
4
4
4
4
4
4
4
4
4
4
4
4
4
4
4
4
4
4
4
4
4
4
map
.................
.................
.................
.................
.................
.................
.................
.................
..OO.............
.................
.................
.................
..............X..
.................
.................
2
map
.................
.................
.................
.................
.................
.................
.................
.................
..OO.............
.................
.................
.................
..............X..
.................
.................
2
map
.................
.................
.................
.................
.................
.................
.................
.................
..OO.............
.................
.................
.................
..............X..
.................
.................
2
4
4
4
4
4
4
4
4
4
4
4
4
4
4
4
4
4
4
4
4
4
4
4
4
4
4
4
4
4
4
4
4
4
4
4
4
4
4
4
4
4
4
4
4
4
4
4
4
4
4
4
4
4
4
4
4
4
4
4
4
4
4
4
4
4
4
4
4
4
4
4
4
4
4
4
4
4
3

X : 13, Y : 12
**
Plateau 15 17:
    01234567890123456
000 .................
001 .................
002 .................
003 .................
004 .................
005 .................
006 .................
007 .................
008 ..OO.............
009 ...O.............
010 .................
011 .................
012 .............XX..
013 .................
014 .................
Piece 2 3:
4
4
4
4
4
map
2
4
4
4
4
4
4
4
map
2
map
2
4
map
2
4
4
4
4
4
map
2
4
4
4
4
4
4
4
map
2
map
2
4
map
2
4
4
4
4
4
4
4
4
map
2
4
map
2
map
2
map
2
map
2
4
4
4
4
4
4
4
4
4
4
4
map
2
4
map
2
map
2
map
2
map
2
4
4
4
4
4
4
4
4
4
4
4
4
4
4
4
4
4
4
4
4
4
4
4
4
4
4
4
4
4
4
4
4
4
4
4
4
4
4
4
4
4
4
4
4
4
4
4
4
4
4
4
4
4
4
4
4
4
4
4
4
4
4
4
4
4
4
4
4
4
4
4
4
4
4
4
4
4
4
4
4
4
4
4
4
4
4
4
4
4
4
4
4
4
4
4
4
4
4
4
4
4
4
4
4
4
4
4
4
4
4
4
4
4
4
4
4
4
4
4
4
4
4
4
4
4
4
4
4
4
4
4
4
4
4
4
4
4
4
4
4
4
4
4
4
4
4
4
4
4
4
4
4
4
4
4
4
4
4
4
4
4
4
4
4
4
4
4
4
4
4
4
4
4
4
4
4
4
4
4
4
4
4
4
4
4
4
4
4
4
4
.**
4
4
4
4
4
map
2
4
4
4
4
4
4
4
map
2
map
2
4
map
2
4
4
4
4
4
map
2
4
4
4
4
4
4
4
map
2
map
2
4
map
2
4
4
4
4
4
4
4
4
map
2
4
map
2
map
2
map
2
map
2
4
4
4
4
4
4
4
4
4
4
4
map
2
4
map
2
map
2
map
2
map
2
4
4
4
4
4
4
4
4
4
4
4
4
4
4
4
4
4
4
4
4
4
4
4
4
4
4
4
4
4
4
4
4
4
4
4
4
4
4
4
4
4
4
4
4
4
4
4
4
4
4
4
4
4
4
4
4
4
4
4
4
4
4
4
4
4
4
4
4
4
4
4
4
4
4
4
4
4
4
4
4
4
4
4
4
4
4
4
4
4
4
4
4
4
4
4
4
4
4
4
4
4
4
4
4
4
4
4
4
4
4
4
4
4
4
4
4
4
4
4
4
4
4
4
4
4
4
4
4
4
4
4
4
4
4
4
4
4
4
4
4
4
4
4
4
4
4
4
4
4
4
4
4
4
4
4
4
4
4
4
4
4
4
4
4
4
4
4
4
4
4
4
4
4
4
4
4
4
4
4
4
4
4
4
4
4
4
4
4
4
4
...
